0 0 0 0.0158175
0 0 1 0.0141942
0 0 2 0.0260541
0 0 3 0.00579634
0 0 4 0.0293149
0 0 5 0.0242636
0 0 6 0.0269015
0 0 7 0.0356145
0 0 8 0.0324025
0 0 9 0.0132428
0 0 10 0.0191244
0 0 11 0.00864179
0 0 12 0.0221291
0 0 13 0.00834271
0 0 14 0.0216913
0 0 15 0.0201259
0 0 16 0.0164142
0 0 17 0.0069249
0 0 18 0.0195843
0 0 19 0.0275612
0 0 20 0.0149968
0 0 21 0.0202638
0 0 22 0.0473799
0 0 23 -0.000492334
0 0 24 0.0177611
0 0 25 0.00816166
0 0 26 0.00934052
0 0 27 0.0222893
0 0 28 0.0104204
0 0 29 0.0165832
0 0 30 0.0188496
0 0 31 0.000852957
0 0 32 0.0120708
0 0 33 0.0124987
0 0 34 -0.00876511
0 0 35 0.00720606
0 0 36 0.00842037
0 0 37 0.00266129
0 0 38 0.0157882
0 0 39 0.0192895
0 0 40 0.0100016
0 0 41 0.0011761
0 0 42 0.0144318
0 0 43 0.00758832
0 0 44 0.0286111
0 0 45 -0.00395627
0 0 46 0.0104242
0 0 47 0.00847578
0 0 48 -0.000916691
0 0 49 0.00703877
0 0 50 0.0121446
0 0 51 0.0125914
0 0 52 0.0179081
0 0 53 -0.00855607
0 0 54 0.0115477
0 0 55 0.00721616
0 0 56 -0.00407127
0 0 57 0.0195406
0 0 58 0.0238911
0 0 59 0.00675031
0 0 60 0.00369388
0 0 61 0.0107992
0 0 62 0.0161774
0 0 63 -0.0160761
0 0 64 -0.00125065
0 0 65 -0.00677964
0 0 66 0.00710173
0 0 67 -0.00129349
0 0 68 -0.00245865
0 0 69 0.010773
0 0 70 -0.0108169
0 0 71 -0.00564864
0 0 72 0.00817105
0 0 73 0.00392247
0 0 74 0.00686259
0 0 75 0.00578874
0 0 76 0.00252737
0 0 77 0.0145597
0 0 78 0.0109075
0 0 79 -0.0023468
0 0 80 0.00351011
0 0 81 0.00536878
0 0 82 -0.00697109
0 0 83 0.0127682
0 0 84 0.0021091
0 0 85 -0.0058464
0 0 86 -0.0112835
0 0 87 -0.0063842
0 0 88 -0.0109197
0 0 89 -0.004103
0 0 90 -0.0190055
0 0 91 -0.00272195
0 0 92 -0.00286783
0 0 93 0.0175212
0 0 94 -0.00744731
0 0 95 -0.00125816
0 0 96 -0.00309415
0 0 97 0.00103261
0 0 98 -0.0059761
0 0 99 0.00600995
0 0 100 -0.0126499
0 0 101 -0.00529379
0 0 102 0.0154387
0 0 103 -0.00695974
0 0 104 0.00488319
0 0 105 0.0038002
0 0 106 0.0103033
0 0 107 0.0198034
0 0 108 -0.00134518
0 0 109 0.0162183
0 0 110 0.0217507
0 0 111 0.0176687
0 0 112 0.0633265
0 0 113 0.0903605
0 0 114 0.154521
0 0 115 0.198831
0 0 116 0.287552
0 0 117 0.330576
0 0 118 0.445328
0 0 119 0.531712
0 0 120 0.594276
0 0 121 0.781065
0 0 122 0.792722
0 0 123 0.888676
0 0 124 0.894162
0 0 125 0.935975
0 0 126 0.932763
0 0 127 0.916456
0 0 128 0.955378
0 0 129 1.00321
0 0 130 0.854794
0 0 131 0.816798
0 0 132 0.869385
0 0 133 0.82334
0 0 134 0.79215
0 0 135 0.779947
0 0 136 0.63957
0 0 137 0.687364
0 0 138 0.558728
0 0 139 0.478496
0 0 140 0.463582
0 0 141 0.527279
0 0 142 0.488289
0 0 143 0.691965
0 0 144 0.863394
0 0 145 0.994219
0 0 146 1.4594
0 0 147 1.83795
0 0 148 2.44365
0 0 149 2.30252
0 0 150 2.49863
0 0 151 2.86406
0 0 152 2.44008
0 0 153 2.41815
0 0 154 1.9646
0 0 155 1.62959
0 0 156 1.48554
0 0 157 0.981508
0 0 158 0.72857
0 0 159 0.411712
0 0 160 0.230496
0 0 161 0.130308
0 0 162 0.0693559
0 0 163 0.046443
0 0 164 0.0460249
0 0 165 0.0103617
0 0 166 0.0383253
0 0 167 0.0438661
0 0 168 0.0538502
0 0 169 0.044612
0 0 170 0.039763
0 0 171 0.0233598
0 0 172 0.0310751
0 0 173 0.00577371
0 0 174 0.00687724
0 0 175 -0.0183245
0 0 176 -0.00576772
0 0 177 0.0126423
0 0 178 -0.003599
0 0 179 -0.00106111
0 0 180 0.0129673
0 0 181 0.00675417
0 0 182 -0.00475092
0 0 183 0.00051868
0 0 184 0.0175731
0 0 185 -0.00747648
0 0 186 -0.0152823
0 0 187 0.00571615
0 0 188 0.00817687
0 0 189 0.00972744
0 0 190 -0.00843034
0 0 191 -0.00511907
0 0 192 -0.0095304
0 0 193 -0.00515655
0 0 194 -0.00489842
0 0 195 0.00878269
0 0 196 -0.00116349
0 0 197 -0.000966854
0 0 198 0.0170756
0 0 199 -0.00201744
0 0 200 0.0197544
0 0 201 0.0187234
0 0 202 0.00139629
0 0 203 0.0213529
0 0 204 0.0173655
0 0 205 0.00281472
0 0 206 0.0223275
0 0 207 0.012362
0 0 208 0.00879282
0 0 209 -0.0024832
0 0 210 0.0203918
0 0 211 0.0116466
0 0 212 0.0178014
0 0 213 0.0110611
0 0 214 0.0207314
0 0 215 -0.00661223
0 0 216 0.0128617
0 0 217 0.00709611
0 0 218 0.0231089
0 0 219 0.0101002
0 0 220 0.0328832
0 0 221 0.0148456
0 0 222 0.00864071
0 0 223 0.00945642
0 0 224 0.0246315
0 0 225 0.00259702
0 0 226 0.0247248
0 0 227 0.00895552
0 0 228 0.00981388
0 0 229 0.0242336
0 0 230 0.0299122
0 0 231 0.02031
0 0 232 0.0176984
0 0 233 0.0193505
0 0 234 0.0416812
0 0 235 0.0394297
0 0 236 0.0144305
0 0 237 0.00747813
0 0 238 0.0133888
0 0 239 -0.00511124
0 0 240 0.0141684
0 0 241 0.0260881
0 0 242 0.0277089
0 0 243 0.0191893
0 0 244 0.0498185
0 0 245 0.00690019
0 0 246 0.0293049
0 0 247 0.013767
0 0 248 0.0157716
0 0 249 0.0231323
0 0 250 0.0204452
0 0 251 0.00453213
0 0 252 -0.000666618
0 0 253 -0.00529128
0 0 254 0.0273946
0 0 255 0.0081383
